0
0
0
0
0
3675
2756.25
0
2756.25
1378.12
1336.36
0
0
0
0
0
0
0
2004.55
0
0
0
0
1917.39
1917.39
1917.39
1917.39
0
0
0
0
0
1837.5
1917.39
1837.5
1575
1917.39
1917.39
1917.39
1378.12
1422.58
1837.5
0
0
0
0
0
1633.33
1633.33
1130.77
1130.77
1917.39
2004.55
0
0
0
0
0
1378.12
1336.36
1297.06
1297.06
1336.36
1297.06
1336.36
1297.06
1336.36
2100
2321.05
2756.25
2756.25
2756.25
2756.25
2100
2450
2004.55
0
0
0
0
0
0
0
0
0
0
0
0
0
0
1336.36
0
0
0
0
0
0
0
1260
0
0
0
0
0
0
0
0
0
0
0
0
0
0
0
0
0
0
0
0
0
0
0
0
0
1102.5
0
0
0
0
0
1102.5
1160.53
1130.77
1130.77
1160.53
0
1130.77
0
0
0
0
0
1191.89
0
0
0
0
0
0
0
0
0
0
0
0
0
0
0
0
0
0
1378.12
1336.36
1297.06
1260
1260
0
1260
1297.06
1260
1260
1297.06
0
0
0
2756.25
2594.12
1422.58
1575
1575
1633.33
0
0
0
0
0
0
1917.39
2321.05
2450
2004.55
2004.55
2004.55
2594.12
1336.36
1378.12
1378.12
2756.25
2940
2940
3150
2940
3392.31
1422.58
1378.12
2100
3150
1917.39
2004.55
1917.39
1378.12
1378.12
1575
1378.12
1336.36
1336.36
1336.36
1764
1297.06
1260
1764
1837.5
1837.5
1225
1191.89
1191.89
1336.36
1378.12
1336.36
1297.06
1297.06
1336.36
1336.36
1336.36
1336.36
2450
1336.36
0
0
1422.58
0
0
0
0
0
0
2004.55
0
0
0
0
0
0
0
0
0
0
0
0
0
0
0
0
0
0
0
0
0
0
0
0
0
0
0
0
0
0
2205
2450
2004.55
1837.5
918.75
1378.12
1336.36
1336.36
1336.36
1520.69
1575
1917.39
1575
1336.36
1378.12
1378.12
1378.12
1378.12
1336.36
1336.36
1336.36
1336.36
1336.36
1336.36
1297.06
1336.36
1336.36
1336.36
1336.36
1336.36
1297.06
1297.06
1260
1297.06
1297.06
1225
1297.06
1336.36
1336.36
1336.36
1378.12
1378.12
1378.12
1336.36
1297.06
1470
1378.12
1336.36
1378.12
1378.12
1378.12
1378.12
1336.36
1336.36
1336.36
1297.06
1336.36
1336.36
1297.06
1297.06
1297.06
0
1336.36
1297.06
1002.27
1075.61
1297.06
0
1225
1297.06
1297.06
1297.06
1260
0
1191.89
1260
1336.36
1378.12
1260
1336.36
0
1336.36
0
1470
0
1422.58
1422.58
0
0
0
1336.36
1378.12
2756.25
0
2940
0
0
2756.25
0
0
2756.25
2756.25
2756.25
2756.25
2756.25
2756.25
0
0
0
0
0
0
0
0
0
0
0
0
0
0
0
1297.06
1470
1422.58
0
0
0
0
0
0
0
0
0
0
0
0
0
0
0
0
0
0
0
1260
0
0
0
0
1260
1297.06
1336.36
0
1297.06
0
1378.12
1378.12
0
0
1336.36
1336.36
1336.36
1260
1378.12
0
1225
1225
1260
1225
1225
1225
1260
1297.06
1260
1297.06
1225
1225
1225
0
0
1336.36
1336.36
1336.36
1336.36
0
1336.36
1336.36
1297.06
1191.89
1130.77
1191.89
1160.53
1260
1191.89
1191.89
1297.06
1225
1297.06
1191.89
0
0
0
0
0
0
0
0
0
0
0
0
0
0
0
0
0
0
0
0
0
0
0
0
0
0
0
0
2940
3150
2756.25
2756.25
3150
2940
2756.25
2940
2756.25
2756.25
0
0
0
2756.25
0
2594.12
0
0
0
0
0
0
2756.25
2756.25
0
0
0
0
0
0
0
0
0
0
0
0
0
0
0
0
0
0
0
0
0
0
0
0
0
0
0
0
0
0
0
0
0
0
0
0
0
0
0
0
0
0
0
0
2594.12
2450
2594.12
2594.12
2756.25
2756.25
2756.25
2756.25
2594.12
2756.25
2450
2450
2100
2100
2321.05
0
2321.05
1917.39
1520.69
1470
0
0
0
0
0
0
0
0
0
2004.55
2004.55
0
0
0
1470
2594.12
0
2594.12
2450
2450
2450
2594.12
2450
2450
2450
2450
2450
2450
2450
2450
2321.05
2321.05
0
0
0
0
0
0
0
2205
0
1130.77
0
0
0
0
2205
0
2594.12
2450
2594.12
2450
2450
2594.12
2594.12
2594.12
2594.12
2756.25
2594.12
2450
2450
2450
0
2756.25
2756.25
1297.06
1260
1225
1297.06
2450
1378.12
1378.12
1378.12
1336.36
1336.36
1336.36
1336.36
0
1191.89
1225
958.696
1160.53
1191.89
1191.89
1160.53
1160.53
1191.89
1225
1191.89
1191.89
1225
1225
1225
0
0
0
1378.12
0
1225
0
1191.89
0
1260
1225
1297.06
1191.89
1297.06
1225
0
0
0
0
0
1336.36
1336.36
1336.36
1297.06
1260
1260
1260
1260
1260
1260
980
1336.36
1297.06
1336.36
1378.12
2004.55
0
0
1470
1422.58
1378.12
0
1378.12
0
1378.12
3150
3150
1378.12
0
0
0
0
0
0
0
0
0
2756.25
2756.25
2940
2940
2940
3150
3392.31
3150
2756.25
2756.25
0
0
0
0
0
0
0
938.298
0
0
0
0
0
0
0
1102.5
0
0
0
0
1050
1025.58
1050
1050
0
0
0
0
0
0
0
0
0
0
0
0
0
0
0
1520.69
1470
1422.58
1422.58
0
0
0
1378.12
0
0
1225
1378.12
0
0
1470
1422.58
0
0
2594.12
0
0
1470
0
0
0
0
0
0
0
0
0
0
1422.58
1837.5
1297.06
1336.36
1336.36
1336.36
1378.12
1837.5
1297.06
1336.36
1297.06
1336.36
1336.36
1297.06
1336.36
1336.36
1297.06
1297.06
1260
1336.36
1336.36
1260
1297.06
1260
1297.06
1297.06
1633.33
1260
1336.36
1422.58
1225
1336.36
1336.36
1297.06
1297.06
1297.06
1297.06
1336.36
1336.36
1297.06
1336.36
1336.36
1336.36
1336.36
1422.58
1422.58
1378.12
1378.12
1378.12
1336.36
1336.36
1336.36
1378.12
1336.36
1336.36
1336.36
1336.36
1336.36
1336.36
1336.36
1336.36
1422.58
1336.36
1336.36
1336.36
1336.36
0
0
0
1297.06
1297.06
1225
1225
1225
1225
1378.12
1297.06
1225
1225
0
1422.58
1378.12
1378.12
1378.12
1422.58
1191.89
0
0
0
0
0
0
0
0
0
0
0
0
0
2756.25
0
1160.53
1130.77
1130.77
0
0
0
0
0
0
0
0
0
0
0
0
0
0
0
1297.06
0
0
1470
1422.58
0
0
0
0
0
0
0
0
0
0
0
0
1837.5
0
0
0
0
0
0
0
1378.12
1378.12
1378.12
0
0
0
1378.12
0
0
1378.12
1764
900
918.75
1378.12
1336.36
1336.36
1260
1260
1225
1297.06
1260
1260
1336.36
1225
0
0
1260
1260
1260
1225
1191.89
938.298
1260
1260
1260
1260
0
1225
1225
1191.89
1191.89
1160.53
1050
1160.53
1160.53
1297.06
1297.06
1378.12
1336.36
1297.06
1191.89
1336.36
1336.36
1191.89
1297.06
1336.36
1336.36
1336.36
1336.36
1336.36
1336.36
1336.36
1378.12
1378.12
1336.36
1336.36
1297.06
1297.06
1191.89
1260
1160.53
1160.53
1160.53
1191.89
1191.89
0
1191.89
0
0
0
0
1297.06
1297.06
1297.06
0
1260
0
0
1297.06
0
1336.36
0
1297.06
1336.36
0
1297.06
1378.12
1297.06
1336.36
1297.06
1297.06
1336.36
1297.06
1378.12
1378.12
1470
1297.06
1297.06
1297.06
0
1260
0
1191.89
1191.89
1260
1378.12
1336.36
0
1260
1260
1260
1297.06
1225
1225
1225
0
1260
0
0
0
1225
1520.69
1160.53
0
1191.89
1191.89
0
1191.89
1191.89
1160.53
1260
1191.89
1191.89
0
1160.53
0
0
0
0
1160.53
3150
2940
2756.25
2940
0
0
0
0
2756.25
0
0
0
1191.89
1191.89
0
0
0
1837.5
0
1260
1260
1260
1260
1260
1260
1260
1297.06
1297.06
1297.06
1297.06
1336.36
1297.06
1260
1260
1336.36
1336.36
1336.36
1336.36
1336.36
1378.12
1378.12
1378.12
1336.36
1336.36
1297.06
1297.06
1297.06
1297.06
1297.06
1336.36
1336.36
1297.06
1297.06
1297.06
1297.06
1297.06
1297.06
1336.36
1378.12
0
1336.36
1297.06
1260
1260
1297.06
1378.12
1260
1102.5
1260
1260
1336.36
1297.06
1297.06
1297.06
1260
1225
1225
1336.36
0
1102.5
1102.5
1297.06
0
1336.36
1297.06
1297.06
0
0
0
1225
1102.5
1102.5
1102.5
1130.77
1160.53
1160.53
1160.53
1191.89
1130.77
1102.5
1075.61
1102.5
0
1075.61
0
1102.5
0
1102.5
1130.77
1130.77
1130.77
1130.77
1130.77
0
0
1130.77
1130.77
1160.53
1160.53
0
1160.53
1160.53
1191.89
1160.53
1160.53
1160.53
1160.53
1160.53
1160.53
1191.89
1102.5
1160.53
1225
1160.53
0
2756.25
2756.25
2756.25
2756.25
1336.36
2756.25
1336.36
2756.25
1336.36
2756.25
2756.25
2756.25
0
0
0
1336.36
1336.36
0
0
0
0
0
0
0
0
0
0
0
0
0
0
0
0
0
2756.25
0
0
0
0
2756.25
0
0
0
0
0
0
0
0
2594.12
0
0
0
0
0
0
0
0
0
0
0
0
0
0
0
0
0
2594.12
0
0
0
0
0
0
0
0
2450
2321.05
0
0
0
2450
2450
0
2321.05
2321.05
0
0
0
0
0
0
0
0
0
1050
1050
1225
1191.89
1102.5
1075.61
0
1633.33
1633.33
1260
2100
2450
0
0
2205
2205
2004.55
0
2205
2321.05
0
0
0
1917.39
1917.39
0
1160.53
1160.53
0
0
1160.53
1260
1336.36
1378.12
1422.58
1422.58
1470
1470
1470
1470
1470
1837.5
1422.58
1378.12
1378.12
1297.06
1297.06
1297.06
1260
1260
1260
1297.06
1297.06
1260
1225
1260
1260
1297.06
1225
1225
1260
1260
1225
1225
1225
1225
1225
1225
1225
1191.89
1225
1225
1191.89
1191.89
1225
1225
1225
1225
1225
1225
1225
1225
1336.36
1297.06
1260
1260
1297.06
1297.06
1260
1297.06
1297.06
1297.06
1297.06
918.75
1260
1225
1260
1260
1225
1225
1260
1191.89
1191.89
1102.5
1225
1130.77
1130.77
1102.5
1130.77
1297.06
1297.06
1102.5
1130.77
1160.53
1130.77
1260
1260
1297.06
1260
1336.36
1378.12
1378.12
1336.36
0
0
0
0
0
0
1225
0
0
0
0
1050
0
1075.61
1050
1102.5
1102.5
1102.5
1075.61
1075.61
0
0
0
0
0
0
0
0
0
0
0
0
0
0
0
0
0
0
0
0
0
0
0
0
0
0
0
0
0
0
0
0
2756.25
2756.25
0
2450
0
0
2594.12
2450
0
2450
1696.15
1696.15
1575
1633.33
1696.15
1764
0
0
0
1260
1160.53
1160.53
1225
1260
1225
1260
1225
1225
1160.53
1225
1260
1225
1130.77
1260
1191.89
1225
1225
1225
1191.89
1160.53
1130.77
1225
1260
1260
1297.06
1336.36
1297.06
1297.06
1260
1260
1260
1225
1225
1191.89
1191.89
1191.89
1191.89
1102.5
900
1102.5
1102.5
1130.77
1130.77
1160.53
1191.89
1130.77
1160.53
0
0
0
0
0
0
0
0
0
0
0
0
0
0
0
0
0
0
0
0
0
1160.53
1130.77
0
0
0
0
0
0
0
0
0
1225
0
0
0
0
0
0
0
0
0
0
0
0
0
0
0
0
0
0
0
0
0
0
0
0
0
0
0
0
0
0
0
0
0
0
0
0
0
0
0
0
0
0
0
0
0
0
0
0
0
0
0
0
0
0
0
0
0
0
0
0
0
0
0
0
0
0
0
0
0
0
0
0
0
0
0
0
0
0
0
0
0
0
0
0
0
0
0
0
0
0
0
0
0
0
0
0
0
0
0
0
0
0
0
0
0
0
0
0
0
0
0
0
0
0
0
0
0
0
0
0
0
